985

101101101001000110, Boias. 958 11111110 81101111, Gr. 01 6011. 118
0001011010, Ky. 957 8111111011. 196
multicaulia, Boiss. 01 Fumaria, Is. 159

Ηο1. 959 111111110οα, 8101111. 156
010111, Boias. 159 agraria, 1011. 158
pendula, 110110. 960 110001111001111011. 158
1001101080110111. 957 1 , 1111011110,Βοὶ0001110111.158
umbellam, 80111. 959 1 11010110111010. 156

Pibiqia‚ Medik. 956 ¹ 001101110110. ΜΒ. 159
clypeata, L. 957 ι 0101011110100. 155
0110001110, Dc 958 1 bracteam, Heldr. 157
1111160010, 1011. 959 1 00110110, Bab. 156
10111101101,11’1111. 958 1 capreolum, L. 156
1001000110, 80100 , 958 , 1010111010, Do. 155 01156
1001011011111. 957 1010000, ΜΒ. 199
1111110οι1111,110110.011101.959 1 (101101101180100. 159
0101011110100. 958 ’ 11011011, Willd. 199
pendula, 110100. 966 ¹ 110111010111,Βο111. 157
10111011, 8010011. 957 1 1111100, 110100. 158
1111011011,Βοί00. 959 i 11101111, 10111. 156

1100110100010010110, 11110011. 95 1 1001001110, Ρο11. 157
ΡΟΝΠΥΠ18,8101111. 401 1 1011010101. 156
11011011,8110111. 169 11090100οψ0, Boias. 01

Bungei, 30100. 23} 1 811. 157

61101111, 110111. 1110101110, 101. 156
101111111011. 779 1 0110110111, 1. 151
Prank0n1a‚ L. 779 0011010, 80111. 158

1100110111011. 01 Sp. 780 1011010νί010, Κ101. 156

1101000110. 780 1 1011110111011 155

1010111. 780 1 1010111010, 11111100. 156

hirsuta, 1. 780 1 Ρ11011101180100 01

1101110110 780 ’ 110111. 157

10110010811111. 01811. 780 8010011111, Ρο11. 199

1101110, ΜΒ. 780 spectabilis, Biseh. 158

1011111711. 780 . 11111011, 110100. 157

Persica, Jaub. et Sp. 781 ¹ · 11111111, siah. 127,

pulverulenta. b· 779 1111011110011. 101

10001010, 1101111. 780
Fumana, Spaoh· 417 ξ 60110000100 1100111, 8101. 57

aciphylla, 110100. 119 1 (widona, Γ10111. 61

Arabica, L. 119 nigellastrum, 1. 61

glutinosa, 1. 119 1 110010110111, Lam. · 61
111111101110010181. 118 1 6111111011. 868
1101101, 1. 159 , Geranium,11. 869
0130110110,3010001111118 ⁴ Albanum, L. 879

11001110111111. 1171 0001111110010,10101. 876
691 ·

 

