966

617766 7677677776, 777771. 676 “ 711667687767176, L. 888 .
saxifraga, Friv. 675 7 77711777. W. K. 856
7616776167, F. 7777. 685 7 7767777776, Boius. 67
777777777777777, 86777. 6817 7 7761717. 868
7777777777, L. 756 ι 7777777777, 6877677. 867
6677777, 7777777. 679 rosea. 667166.

87777777, Boias. 688 7 7777777777, Boias.
86777617, 777771. 685 6 setosa 86777.
7767717787771. 687 J striata Dc.
7777777777, Del. 756 6 7777766777 Baias. 77876. 7
Τ667677767777, 87777. 681 7767777777, Boias. 77
7766716177, L. 685 6· 86666.
7676776177,.87676 77 Sm. 687 7 7777777767, (7.6..71 867
6766777676, 777777. et Alyssopsis, Boius· 787
8777. 681 7 777177686777. 186
6666116177677, 87777. 77 7 86767677, 87777 186
Bal. 676 6 sagittata, Ait. 186
7,717777777 Boios. et Orph. 6861 Alyssum, L. 667
76767, 7. 676 7 7777617777, 87777 677
77117777786671. 677 71767176, 7. 668
7777777, 876776. 6866 71777777, 87676. 67 86. 671

Μῐὶιωα, L. 824 7 argenteum, 11777777. 6771
7777177, 7177. 827 . 77777666717676,676771
7877777777 86766. 869 77 777. 678
7767777777, 87671. 850 , Amanum, 87776. 678
Armeniaca, 7777. 865 71776777, 86776. 686
7177717777, Boios. 826 6 ,7677666666 Boias. 676
77777777, 86766. 856 g aureum, 777777. 686
776676767, L. 865 8777717677. 17667. 671
Cretica. Weinm. 851 ᾗ 67776777676777777 678. 686
7777777777. 86776. 828 bracteatum, 86777. 77
7177776777, 87766. 61 ' 871777. 6177

86676. 856 866777, 87777. 671
[77777177. 87676. 67 867. 856 7 7617777776777,8677667877678
7777777777. 8. Mey. 867 6717776667, 7. 687
777777777677, Boias. 856 7 campestre, L. 687
6776677, 7. 864 7 Cassium, 87777. 677
8777777767, 86177. 71 7777777677, 876617 67 Ky. 681

8677. 855 ζ 7766716767, 87777. 6817
L'ir›·in‹1ensis.ssoiss. 829 ¹. 7777777776777777777,1771171. 657
Kotsohyi, 87777. 866 7 chrysanthum, Boiss. 671 1
1777777776, 86616668, . 854 cilicinum, 1777787 7177771. 678

7777777777777, Dc. 828 7 clypea-tum, L. 657
7777777777, 8616676187. 851 7 condensatum, 87777. 77

7766777ςί7, 7. 867 ’ 77777777. ·. 668
7776777767, 777617. 857 3 consertum. 8677. 87771. 687

 

