967

111111110011101111111,Βο11 670 6 ,11111111 1111111110111111. 681

contemptum, 6011011
et Ky.
corymbosum‚ 011101.
1011ῃο111000, 00111.
0101111111, Boias. 671 ,
0111111111. 666 1
0111110ρο1100, Bge.' 685
0111100111, 110111. 01
01111. 111 ³
111101111011111. 685 6
111101111011. 656 6
01011111111111. 666 6
elatum, Βο110. 671 6
eriophyllum, Βο111. 01
11111111.
01010110, Genu.
1011111110111111. 01
Bal. 676 6
1011011101101101611. 686 6
1111010011, 81111. 01 60. 680
6000110010, 1.. 666 .
1110100101110. 660 6
1111111110011111, 1111101. 669 6
687 3
111 3

111
665 6
686 6

101010111011111, Boias.
1111111111,11Β.
101111011111111, F. et M. 685
1101011010, 110110. 686
Η10111, 30111. 687
1110011110, 11. 690 ,
11110111, Βο111. 01, 1101111. 677 1
1100011000110111. 676 6
lanigerum, 110. 660
1011110111, 80111. 676 6
1111106111, 8101111. 686 6
10001101111711111. 658 6
111010101111,Βο110. 01 6
Β111. 6811 :
maorostylum, 110111. 01 6
Hm. 679 1
01131111108101111. 686 ¹
Μ11110111111,110110. 670 6
1011001101,Βο111. 686 Ι
11010110Μο1110, 60111. 671
0100111110, 611111. 684
01000001101111011. 681 6

0101111010. Boius. 668
minutum, 80110111. 681
0011011110, 110111. 681
montanum, L. 671
110111610111,1101’11.0111111177
11111011, 30111. 0111111110 670
01101110,11011. 690
011010, W. K. 671
0110010100, 6101. 668
0111010010, Βο111. 01

11101. 675
Orientale, 11111. 666
0110111111, Βο111.11Βο1. 669
010101100011011. 667

1 1101110100, ΜΒ. 684

1101111ἰοί100 Βο101. 676
Persicum, Βο111. 679
1010101101, De. 658
1101110110, Ara. 666
6010100010, 60111. 686
Ρο110110110, Βο1101. 691
1101101100, Βο111.11Β11110. 681
0100011, Boias. 675
1011011, Βο100. 675
1011111111, 8101. 680

’ 11111101101111111

11111111. - 676
0001110100, 11011. 691
6000111010, Andr. 668
01101110, Βο1. 11611. 666
100191101110,0111011. 668
01011111011101111, Βο111. 669
sinuatum, L. 665

6111111111011106. 681 ,

6111101060111, Boin. 01
1101111. 676
111101111, Willd. 685
strictum, O.A.Moy. 685
1111101110, 11111. 681

1111110, Boiu. 01 Β111. 687
1111101100, Βο111. 01
Ηο1111. ’ 686

116111010011, 110111. 675
810111101111,1’.0111. 685
1011110010801101. 686

 

