988

81111111111111111111, 11111. 549 1111111111111111 Β111111111111,
porrigens, L. 557 9111. 951
11111111, 811111. et 811. 556 1111111111111111.111111- 4
1111111111, 8111111. et 811. 590 1111, (1111111). 999
0111111111, 111111. 548 i 11111111111111, 81111. 959
111111111151111. 559 ι 9111111111111,81111. 959
11111111111,9.1111. 550 . 01111111111111111. 954
111111, ΜΒ. 5111 ff 011111111181111. 941
1111111111, Η111111. 516 1 1111111111, (111111). 997
111111, L. 518 Ι cilicinum, 111111. 991
111111, 8111111. 11811. 519 J 111111111151. 991
1111111111, 1111. 545 , 1111111111111111. 911
1111110111111111. 546 . 1111111111611111, 999
saxifraga, L. 519 4 1111111111111, Boias. 919
1111111ο11111,111111.11 4 11111111111111. ¹ 916

111111. 559 ¹ 11111111115111. 999
111111111111111, 111111. 559 4 1111111111, 81111. 919
111111111111111,11111.1181559 4 1111111111,Βοί11. 949
111111111111111111. 548 4 111111111111111,111111. 959
81111111, 11111. 549 1 11111111111111. 954
1111111911. 591 1 1111111111111111. 959
8111111111, F. 11 Μ. 550 4 111111111111111111,Β1111. 955
5111111111 111. 1111111111, 4 1111111111, Sp. 958

1111111. 559 4 11111111111,1111. 955

' 11111111111111. 559 4 Κο1111111,51111. , 951
1111111111,8111111.118111.556 1 1111111111, 1111. 916
1111111111, 111111. 541 , longifolium, 111111. 911
1111111111, Boias. 559 ³ 111111111ιηὶ111,Βοί11. 958
1111111111,1111.1181. 554 1111111111111111. 959
11111111, 8111111. 11811. 595 4 1111111111111, 11111. 954
111111111111111. 541 4 Ρ11111111111,1 959
111311151111. 545 4 111111191111111, 1111. 925
viscosa, 111111 551 perforatum, Kar. et 1111. 949
911οά111111, 111111. 541 propinquum. 81111. 949

ptilostylum. 51111. 955

Habrosia‚ 1111111. 751 ff pumilum 111111, 999

1111111111, Ser. 754 “ 11111111,111111Δ 999 ἱ

11111111111111111, Biv. 756 4 11111111111111. 959
Haplophyllum, Juss. 999 81111111, 11111. 911
1116111111, 111. 949 811111111111, 111111. 949
Arabicum. Boiss. 949 1111111111, 111. 994
4111111111. Sp. 997 111111111111,Β11. 959
8111111111111111. 957 Ι 1111111111111111. 954

91111111111111, 81. 997 sylvaticum, 51111. 999
8111111111111. 998 1 Taurinum, J. 1181. 996
Buhsei, 111111. 996 1 7111111111111,Β1111. 951

 

